19
30.7 3.864 3.866 3.867 3.864
39.1 3.268 3.271 3.271 3.266
36.7 3.601 3.604 3.604 3.6
38.3 3.463 3.464 3.465 3.461
38.3 3.447 3.45 3.45 3.447
37.1 3.426 3.426 3.428 3.425
35.4 3.461 3.462 3.463 3.46
35.3 3.5 3.501 3.502 3.498
34.8 3.638 3.64 3.641 3.637
37.5 3.343 3.344 3.345 3.341
33.1 3.738 3.738 3.74 3.737
36.1 3.21 3.213 3.216 3.208
35.9 3.526 3.527 3.529 3.525
41.3 2.945 2.954 2.961 2.937
35.8 3.337 3.338 3.339 3.336
38.9 3.057 3.062 3.069 3.053
32.2 3.761 3.762 3.764 3.761
38.3 3.306 3.307 3.308 3.304
36.5 3.365 3.366 3.366 3.364
